{
  "nbformat": 4,
  "nbformat_minor": 0,
  "metadata": {
    "colab": {
      "provenance": [],
      "mount_file_id": "1V-1edXCyFJyWYePHmT4SSdLUkS6cmgVk",
      "authorship_tag": "ABX9TyMb0qbU+dxDK14LAohSrTV6",
      "include_colab_link": true
    },
    "kernelspec": {
      "name": "python3",
      "display_name": "Python 3"
    },
    "language_info": {
      "name": "python"
    }
  },
  "cells": [
    {
      "cell_type": "markdown",
      "metadata": {
        "id": "view-in-github",
        "colab_type": "text"
      },
      "source": [
        "<a href=\"https://colab.research.google.com/github/libishm1/pcd_transforms/blob/main/edition3.ipynb\" target=\"_parent\"><img src=\"https://colab.research.google.com/assets/colab-badge.svg\" alt=\"Open In Colab\"/></a>"
      ]
    },
    {
      "cell_type": "code",
      "source": [
        "pip install open3d"
      ],
      "metadata": {
        "colab": {
          "base_uri": "https://localhost:8080/"
        },
        "id": "DFfMw-08pYHv",
        "outputId": "4c609e1d-a98d-4e21-ee69-45a328b6d515"
      },
      "execution_count": 1,
      "outputs": [
        {
          "output_type": "stream",
          "name": "stdout",
          "text": [
            "Collecting open3d\n",
            "  Downloading open3d-0.18.0-cp310-cp310-manylinux_2_27_x86_64.whl (399.7 MB)\n",
            "\u001b[2K     \u001b[90m━━━━━━━━━━━━━━━━━━━━━━━━━━━━━━━━━━━━━━━━\u001b[0m \u001b[32m399.7/399.7 MB\u001b[0m \u001b[31m2.8 MB/s\u001b[0m eta \u001b[36m0:00:00\u001b[0m\n",
            "\u001b[?25hRequirement already satisfied: numpy>=1.18.0 in /usr/local/lib/python3.10/dist-packages (from open3d) (1.25.2)\n",
            "Collecting dash>=2.6.0 (from open3d)\n",
            "  Downloading dash-2.16.1-py3-none-any.whl (10.2 MB)\n",
            "\u001b[2K     \u001b[90m━━━━━━━━━━━━━━━━━━━━━━━━━━━━━━━━━━━━━━━━\u001b[0m \u001b[32m10.2/10.2 MB\u001b[0m \u001b[31m24.3 MB/s\u001b[0m eta \u001b[36m0:00:00\u001b[0m\n",
            "\u001b[?25hRequirement already satisfied: werkzeug>=2.2.3 in /usr/local/lib/python3.10/dist-packages (from open3d) (3.0.2)\n",
            "Requirement already satisfied: nbformat>=5.7.0 in /usr/local/lib/python3.10/dist-packages (from open3d) (5.10.4)\n",
            "Collecting configargparse (from open3d)\n",
            "  Downloading ConfigArgParse-1.7-py3-none-any.whl (25 kB)\n",
            "Collecting ipywidgets>=8.0.4 (from open3d)\n",
            "  Downloading ipywidgets-8.1.2-py3-none-any.whl (139 kB)\n",
            "\u001b[2K     \u001b[90m━━━━━━━━━━━━━━━━━━━━━━━━━━━━━━━━━━━━━━━━\u001b[0m \u001b[32m139.4/139.4 kB\u001b[0m \u001b[31m17.6 MB/s\u001b[0m eta \u001b[36m0:00:00\u001b[0m\n",
            "\u001b[?25hCollecting addict (from open3d)\n",
            "  Downloading addict-2.4.0-py3-none-any.whl (3.8 kB)\n",
            "Requirement already satisfied: pillow>=9.3.0 in /usr/local/lib/python3.10/dist-packages (from open3d) (9.4.0)\n",
            "Requirement already satisfied: matplotlib>=3 in /usr/local/lib/python3.10/dist-packages (from open3d) (3.7.1)\n",
            "Requirement already satisfied: pandas>=1.0 in /usr/local/lib/python3.10/dist-packages (from open3d) (2.0.3)\n",
            "Requirement already satisfied: pyyaml>=5.4.1 in /usr/local/lib/python3.10/dist-packages (from open3d) (6.0.1)\n",
            "Requirement already satisfied: scikit-learn>=0.21 in /usr/local/lib/python3.10/dist-packages (from open3d) (1.2.2)\n",
            "Requirement already satisfied: tqdm in /usr/local/lib/python3.10/dist-packages (from open3d) (4.66.2)\n",
            "Collecting pyquaternion (from open3d)\n",
            "  Downloading pyquaternion-0.9.9-py3-none-any.whl (14 kB)\n",
            "Requirement already satisfied: Flask<3.1,>=1.0.4 in /usr/local/lib/python3.10/dist-packages (from dash>=2.6.0->open3d) (2.2.5)\n",
            "Requirement already satisfied: plotly>=5.0.0 in /usr/local/lib/python3.10/dist-packages (from dash>=2.6.0->open3d) (5.15.0)\n",
            "Collecting dash-html-components==2.0.0 (from dash>=2.6.0->open3d)\n",
            "  Downloading dash_html_components-2.0.0-py3-none-any.whl (4.1 kB)\n",
            "Collecting dash-core-components==2.0.0 (from dash>=2.6.0->open3d)\n",
            "  Downloading dash_core_components-2.0.0-py3-none-any.whl (3.8 kB)\n",
            "Collecting dash-table==5.0.0 (from dash>=2.6.0->open3d)\n",
            "  Downloading dash_table-5.0.0-py3-none-any.whl (3.9 kB)\n",
            "Requirement already satisfied: importlib-metadata in /usr/local/lib/python3.10/dist-packages (from dash>=2.6.0->open3d) (7.1.0)\n",
            "Requirement already satisfied: typing-extensions>=4.1.1 in /usr/local/lib/python3.10/dist-packages (from dash>=2.6.0->open3d) (4.11.0)\n",
            "Requirement already satisfied: requests in /usr/local/lib/python3.10/dist-packages (from dash>=2.6.0->open3d) (2.31.0)\n",
            "Collecting retrying (from dash>=2.6.0->open3d)\n",
            "  Downloading retrying-1.3.4-py3-none-any.whl (11 kB)\n",
            "Requirement already satisfied: nest-asyncio in /usr/local/lib/python3.10/dist-packages (from dash>=2.6.0->open3d) (1.6.0)\n",
            "Requirement already satisfied: setuptools in /usr/local/lib/python3.10/dist-packages (from dash>=2.6.0->open3d) (67.7.2)\n",
            "Collecting comm>=0.1.3 (from ipywidgets>=8.0.4->open3d)\n",
            "  Downloading comm-0.2.2-py3-none-any.whl (7.2 kB)\n",
            "Requirement already satisfied: ipython>=6.1.0 in /usr/local/lib/python3.10/dist-packages (from ipywidgets>=8.0.4->open3d) (7.34.0)\n",
            "Requirement already satisfied: traitlets>=4.3.1 in /usr/local/lib/python3.10/dist-packages (from ipywidgets>=8.0.4->open3d) (5.7.1)\n",
            "Collecting widgetsnbextension~=4.0.10 (from ipywidgets>=8.0.4->open3d)\n",
            "  Downloading widgetsnbextension-4.0.10-py3-none-any.whl (2.3 MB)\n",
            "\u001b[2K     \u001b[90m━━━━━━━━━━━━━━━━━━━━━━━━━━━━━━━━━━━━━━━━\u001b[0m \u001b[32m2.3/2.3 MB\u001b[0m \u001b[31m28.9 MB/s\u001b[0m eta \u001b[36m0:00:00\u001b[0m\n",
            "\u001b[?25hRequirement already satisfied: jupyterlab-widgets~=3.0.10 in /usr/local/lib/python3.10/dist-packages (from ipywidgets>=8.0.4->open3d) (3.0.10)\n",
            "Requirement already satisfied: contourpy>=1.0.1 in /usr/local/lib/python3.10/dist-packages (from matplotlib>=3->open3d) (1.2.1)\n",
            "Requirement already satisfied: cycler>=0.10 in /usr/local/lib/python3.10/dist-packages (from matplotlib>=3->open3d) (0.12.1)\n",
            "Requirement already satisfied: fonttools>=4.22.0 in /usr/local/lib/python3.10/dist-packages (from matplotlib>=3->open3d) (4.51.0)\n",
            "Requirement already satisfied: kiwisolver>=1.0.1 in /usr/local/lib/python3.10/dist-packages (from matplotlib>=3->open3d) (1.4.5)\n",
            "Requirement already satisfied: packaging>=20.0 in /usr/local/lib/python3.10/dist-packages (from matplotlib>=3->open3d) (24.0)\n",
            "Requirement already satisfied: pyparsing>=2.3.1 in /usr/local/lib/python3.10/dist-packages (from matplotlib>=3->open3d) (3.1.2)\n",
            "Requirement already satisfied: python-dateutil>=2.7 in /usr/local/lib/python3.10/dist-packages (from matplotlib>=3->open3d) (2.8.2)\n",
            "Requirement already satisfied: fastjsonschema>=2.15 in /usr/local/lib/python3.10/dist-packages (from nbformat>=5.7.0->open3d) (2.19.1)\n",
            "Requirement already satisfied: jsonschema>=2.6 in /usr/local/lib/python3.10/dist-packages (from nbformat>=5.7.0->open3d) (4.19.2)\n",
            "Requirement already satisfied: jupyter-core!=5.0.*,>=4.12 in /usr/local/lib/python3.10/dist-packages (from nbformat>=5.7.0->open3d) (5.7.2)\n",
            "Requirement already satisfied: pytz>=2020.1 in /usr/local/lib/python3.10/dist-packages (from pandas>=1.0->open3d) (2023.4)\n",
            "Requirement already satisfied: tzdata>=2022.1 in /usr/local/lib/python3.10/dist-packages (from pandas>=1.0->open3d) (2024.1)\n",
            "Requirement already satisfied: scipy>=1.3.2 in /usr/local/lib/python3.10/dist-packages (from scikit-learn>=0.21->open3d) (1.11.4)\n",
            "Requirement already satisfied: joblib>=1.1.1 in /usr/local/lib/python3.10/dist-packages (from scikit-learn>=0.21->open3d) (1.4.0)\n",
            "Requirement already satisfied: threadpoolctl>=2.0.0 in /usr/local/lib/python3.10/dist-packages (from scikit-learn>=0.21->open3d) (3.4.0)\n",
            "Requirement already satisfied: MarkupSafe>=2.1.1 in /usr/local/lib/python3.10/dist-packages (from werkzeug>=2.2.3->open3d) (2.1.5)\n",
            "Requirement already satisfied: Jinja2>=3.0 in /usr/local/lib/python3.10/dist-packages (from Flask<3.1,>=1.0.4->dash>=2.6.0->open3d) (3.1.3)\n",
            "Requirement already satisfied: itsdangerous>=2.0 in /usr/local/lib/python3.10/dist-packages (from Flask<3.1,>=1.0.4->dash>=2.6.0->open3d) (2.1.2)\n",
            "Requirement already satisfied: click>=8.0 in /usr/local/lib/python3.10/dist-packages (from Flask<3.1,>=1.0.4->dash>=2.6.0->open3d) (8.1.7)\n",
            "Collecting jedi>=0.16 (from ipython>=6.1.0->ipywidgets>=8.0.4->open3d)\n",
            "  Downloading jedi-0.19.1-py2.py3-none-any.whl (1.6 MB)\n",
            "\u001b[2K     \u001b[90m━━━━━━━━━━━━━━━━━━━━━━━━━━━━━━━━━━━━━━━━\u001b[0m \u001b[32m1.6/1.6 MB\u001b[0m \u001b[31m28.1 MB/s\u001b[0m eta \u001b[36m0:00:00\u001b[0m\n",
            "\u001b[?25hRequirement already satisfied: decorator in /usr/local/lib/python3.10/dist-packages (from ipython>=6.1.0->ipywidgets>=8.0.4->open3d) (4.4.2)\n",
            "Requirement already satisfied: pickleshare in /usr/local/lib/python3.10/dist-packages (from ipython>=6.1.0->ipywidgets>=8.0.4->open3d) (0.7.5)\n",
            "Requirement already satisfied: prompt-toolkit!=3.0.0,!=3.0.1,<3.1.0,>=2.0.0 in /usr/local/lib/python3.10/dist-packages (from ipython>=6.1.0->ipywidgets>=8.0.4->open3d) (3.0.43)\n",
            "Requirement already satisfied: pygments in /usr/local/lib/python3.10/dist-packages (from ipython>=6.1.0->ipywidgets>=8.0.4->open3d) (2.16.1)\n",
            "Requirement already satisfied: backcall in /usr/local/lib/python3.10/dist-packages (from ipython>=6.1.0->ipywidgets>=8.0.4->open3d) (0.2.0)\n",
            "Requirement already satisfied: matplotlib-inline in /usr/local/lib/python3.10/dist-packages (from ipython>=6.1.0->ipywidgets>=8.0.4->open3d) (0.1.6)\n",
            "Requirement already satisfied: pexpect>4.3 in /usr/local/lib/python3.10/dist-packages (from ipython>=6.1.0->ipywidgets>=8.0.4->open3d) (4.9.0)\n",
            "Requirement already satisfied: attrs>=22.2.0 in /usr/local/lib/python3.10/dist-packages (from jsonschema>=2.6->nbformat>=5.7.0->open3d) (23.2.0)\n",
            "Requirement already satisfied: jsonschema-specifications>=2023.03.6 in /usr/local/lib/python3.10/dist-packages (from jsonschema>=2.6->nbformat>=5.7.0->open3d) (2023.12.1)\n",
            "Requirement already satisfied: referencing>=0.28.4 in /usr/local/lib/python3.10/dist-packages (from jsonschema>=2.6->nbformat>=5.7.0->open3d) (0.34.0)\n",
            "Requirement already satisfied: rpds-py>=0.7.1 in /usr/local/lib/python3.10/dist-packages (from jsonschema>=2.6->nbformat>=5.7.0->open3d) (0.18.0)\n",
            "Requirement already satisfied: platformdirs>=2.5 in /usr/local/lib/python3.10/dist-packages (from jupyter-core!=5.0.*,>=4.12->nbformat>=5.7.0->open3d) (4.2.0)\n",
            "Requirement already satisfied: tenacity>=6.2.0 in /usr/local/lib/python3.10/dist-packages (from plotly>=5.0.0->dash>=2.6.0->open3d) (8.2.3)\n",
            "Requirement already satisfied: six>=1.5 in /usr/local/lib/python3.10/dist-packages (from python-dateutil>=2.7->matplotlib>=3->open3d) (1.16.0)\n",
            "Requirement already satisfied: zipp>=0.5 in /usr/local/lib/python3.10/dist-packages (from importlib-metadata->dash>=2.6.0->open3d) (3.18.1)\n",
            "Requirement already satisfied: charset-normalizer<4,>=2 in /usr/local/lib/python3.10/dist-packages (from requests->dash>=2.6.0->open3d) (3.3.2)\n",
            "Requirement already satisfied: idna<4,>=2.5 in /usr/local/lib/python3.10/dist-packages (from requests->dash>=2.6.0->open3d) (3.6)\n",
            "Requirement already satisfied: urllib3<3,>=1.21.1 in /usr/local/lib/python3.10/dist-packages (from requests->dash>=2.6.0->open3d) (2.0.7)\n",
            "Requirement already satisfied: certifi>=2017.4.17 in /usr/local/lib/python3.10/dist-packages (from requests->dash>=2.6.0->open3d) (2024.2.2)\n",
            "Requirement already satisfied: parso<0.9.0,>=0.8.3 in /usr/local/lib/python3.10/dist-packages (from jedi>=0.16->ipython>=6.1.0->ipywidgets>=8.0.4->open3d) (0.8.4)\n",
            "Requirement already satisfied: ptyprocess>=0.5 in /usr/local/lib/python3.10/dist-packages (from pexpect>4.3->ipython>=6.1.0->ipywidgets>=8.0.4->open3d) (0.7.0)\n",
            "Requirement already satisfied: wcwidth in /usr/local/lib/python3.10/dist-packages (from prompt-toolkit!=3.0.0,!=3.0.1,<3.1.0,>=2.0.0->ipython>=6.1.0->ipywidgets>=8.0.4->open3d) (0.2.13)\n",
            "Installing collected packages: dash-table, dash-html-components, dash-core-components, addict, widgetsnbextension, retrying, pyquaternion, jedi, configargparse, comm, ipywidgets, dash, open3d\n",
            "  Attempting uninstall: widgetsnbextension\n",
            "    Found existing installation: widgetsnbextension 3.6.6\n",
            "    Uninstalling widgetsnbextension-3.6.6:\n",
            "      Successfully uninstalled widgetsnbextension-3.6.6\n",
            "  Attempting uninstall: ipywidgets\n",
            "    Found existing installation: ipywidgets 7.7.1\n",
            "    Uninstalling ipywidgets-7.7.1:\n",
            "      Successfully uninstalled ipywidgets-7.7.1\n",
            "Successfully installed addict-2.4.0 comm-0.2.2 configargparse-1.7 dash-2.16.1 dash-core-components-2.0.0 dash-html-components-2.0.0 dash-table-5.0.0 ipywidgets-8.1.2 jedi-0.19.1 open3d-0.18.0 pyquaternion-0.9.9 retrying-1.3.4 widgetsnbextension-4.0.10\n"
          ]
        }
      ]
    },
    {
      "cell_type": "code",
      "execution_count": 9,
      "metadata": {
        "colab": {
          "base_uri": "https://localhost:8080/"
        },
        "id": "tZLl2FwQn4Vu",
        "outputId": "4ba720da-e0e4-4e4e-8663-8d11be562ca9"
      },
      "outputs": [
        {
          "output_type": "stream",
          "name": "stdout",
          "text": [
            "Transformation Matrix for Pose: ((800.093, 120.964, 113), (36, -4, -96))\n",
            "[[-1.04273837e-01  8.08870973e-01 -5.78666326e-01  8.00093000e+02]\n",
            " [-9.92099290e-01 -4.37880890e-02  1.17565310e-01  1.20964000e+02]\n",
            " [ 6.97564737e-02  5.86353437e-01  8.07046270e-01  1.13000000e+02]\n",
            " [ 0.00000000e+00  0.00000000e+00  0.00000000e+00  1.00000000e+00]]\n",
            "\n",
            "Transformation Matrix for Pose: ((652.191, 237.421, 113), (72, -4, -90))\n",
            "[[ 6.10831811e-17  3.09016994e-01 -9.51056516e-01  6.52191000e+02]\n",
            " [-9.97564050e-01  6.63423489e-02  2.15559359e-02  2.37421000e+02]\n",
            " [ 6.97564737e-02  9.48739790e-01  3.08264245e-01  1.13000000e+02]\n",
            " [ 0.00000000e+00  0.00000000e+00  0.00000000e+00  1.00000000e+00]]\n",
            "\n",
            "Transformation Matrix for Pose: ((321.472, 129.964, 113), (144, -4, -90))\n",
            "[[ 6.10831811e-17 -8.09016994e-01 -5.87785252e-01  3.21472000e+02]\n",
            " [-9.97564050e-01  4.10018265e-02 -5.64341727e-02  1.29964000e+02]\n",
            " [ 6.97564737e-02  5.86353437e-01 -8.07046270e-01  1.13000000e+02]\n",
            " [ 0.00000000e+00  0.00000000e+00  0.00000000e+00  1.00000000e+00]]\n",
            "\n",
            "Transformation Matrix for Pose: ((321.472, -217.774, 113), (-144, -4, -90))\n",
            "[[ 6.10831811e-17 -8.09016994e-01  5.87785252e-01  3.21472000e+02]\n",
            " [-9.97564050e-01 -4.10018265e-02 -5.64341727e-02 -2.17774000e+02]\n",
            " [ 6.97564737e-02 -5.86353437e-01 -8.07046270e-01  1.13000000e+02]\n",
            " [ 0.00000000e+00  0.00000000e+00  0.00000000e+00  1.00000000e+00]]\n",
            "\n",
            "Transformation Matrix for Pose: ((469.374, -325.231, 113), (-108, -4, -90))\n",
            "[[ 6.10831811e-17 -3.09016994e-01  9.51056516e-01  4.69374000e+02]\n",
            " [-9.97564050e-01 -6.63423489e-02 -2.15559359e-02 -3.25231000e+02]\n",
            " [ 6.97564737e-02 -9.48739790e-01 -3.08264245e-01  1.13000000e+02]\n",
            " [ 0.00000000e+00  0.00000000e+00  0.00000000e+00  1.00000000e+00]]\n",
            "\n",
            "Transformation Matrix for Pose: ((652.191, -325.231, 113), (-72, -4, -90))\n",
            "[[ 6.10831811e-17  3.09016994e-01  9.51056516e-01  6.52191000e+02]\n",
            " [-9.97564050e-01 -6.63423489e-02  2.15559359e-02 -3.25231000e+02]\n",
            " [ 6.97564737e-02 -9.48739790e-01  3.08264245e-01  1.13000000e+02]\n",
            " [ 0.00000000e+00  0.00000000e+00  0.00000000e+00  1.00000000e+00]]\n",
            "\n",
            "Transformation Matrix for Pose: ((800.093, -217.774, 113), (-36, -4, -90))\n",
            "[[ 6.10831811e-17  8.09016994e-01  5.87785252e-01  8.00093000e+02]\n",
            " [-9.97564050e-01 -4.10018265e-02  5.64341727e-02 -2.17774000e+02]\n",
            " [ 6.97564737e-02 -5.86353437e-01  8.07046270e-01  1.13000000e+02]\n",
            " [ 0.00000000e+00  0.00000000e+00  0.00000000e+00  1.00000000e+00]]\n",
            "\n",
            "Transformation Matrix for Pose: ((789.607, 122.346, 163), (36, -18, -90))\n",
            "[[ 5.82354159e-17  8.09016994e-01 -5.87785252e-01  7.89607000e+02]\n",
            " [-9.51056516e-01  1.81635632e-01  2.50000000e-01  1.22346000e+02]\n",
            " [ 3.09016994e-01  5.59016994e-01  7.69420884e-01  1.63000000e+02]\n",
            " [ 0.00000000e+00  0.00000000e+00  0.00000000e+00  1.00000000e+00]]\n",
            "\n",
            "Transformation Matrix for Pose: ((648.185, 225.094, 163), (72, -18, -90))\n",
            "[[ 5.82354159e-17  3.09016994e-01 -9.51056516e-01  6.48185000e+02]\n",
            " [-9.51056516e-01  2.93892626e-01  9.54915028e-02  2.25094000e+02]\n",
            " [ 3.09016994e-01  9.04508497e-01  2.93892626e-01  1.63000000e+02]\n",
            " [ 0.00000000e+00  0.00000000e+00  0.00000000e+00  1.00000000e+00]]\n",
            "\n",
            "Transformation Matrix for Pose: ((473.379, 225.094, 163), (108, -18, -90))\n",
            "[[ 5.82354159e-17 -3.09016994e-01 -9.51056516e-01  4.73379000e+02]\n",
            " [-9.51056516e-01  2.93892626e-01 -9.54915028e-02  2.25094000e+02]\n",
            " [ 3.09016994e-01  9.04508497e-01 -2.93892626e-01  1.63000000e+02]\n",
            " [ 0.00000000e+00  0.00000000e+00  0.00000000e+00  1.00000000e+00]]\n",
            "\n",
            "Transformation Matrix for Pose: ((331.958, 122.346, 163), (144, -18, -90))\n",
            "[[ 5.82354159e-17 -8.09016994e-01 -5.87785252e-01  3.31958000e+02]\n",
            " [-9.51056516e-01  1.81635632e-01 -2.50000000e-01  1.22346000e+02]\n",
            " [ 3.09016994e-01  5.59016994e-01 -7.69420884e-01  1.63000000e+02]\n",
            " [ 0.00000000e+00  0.00000000e+00  0.00000000e+00  1.00000000e+00]]\n",
            "\n",
            "Transformation Matrix for Pose: ((277.939, -43.905, 163), (-180, -18, -90))\n",
            "[[ 5.82354159e-17 -1.00000000e+00  1.41386514e-16  2.77939000e+02]\n",
            " [-9.51056516e-01 -9.90760073e-17 -3.09016994e-01 -4.39050000e+01]\n",
            " [ 3.09016994e-01 -1.16470832e-16 -9.51056516e-01  1.63000000e+02]\n",
            " [ 0.00000000e+00  0.00000000e+00  0.00000000e+00  1.00000000e+00]]\n",
            "\n",
            "Transformation Matrix for Pose: ((331.958, -210.156, 163), (-144, -18, -90))\n",
            "[[ 5.82354159e-17 -8.09016994e-01  5.87785252e-01  3.31958000e+02]\n",
            " [-9.51056516e-01 -1.81635632e-01 -2.50000000e-01 -2.10156000e+02]\n",
            " [ 3.09016994e-01 -5.59016994e-01 -7.69420884e-01  1.63000000e+02]\n",
            " [ 0.00000000e+00  0.00000000e+00  0.00000000e+00  1.00000000e+00]]\n",
            "\n",
            "Transformation Matrix for Pose: ((473.379, -312.904, 163), (-108, -18, -90))\n",
            "[[ 5.82354159e-17 -3.09016994e-01  9.51056516e-01  4.73379000e+02]\n",
            " [-9.51056516e-01 -2.93892626e-01 -9.54915028e-02 -3.12904000e+02]\n",
            " [ 3.09016994e-01 -9.04508497e-01 -2.93892626e-01  1.63000000e+02]\n",
            " [ 0.00000000e+00  0.00000000e+00  0.00000000e+00  1.00000000e+00]]\n",
            "\n",
            "Transformation Matrix for Pose: ((789.607, -210.156, 163), (-36, -18, -90))\n",
            "[[ 5.82354159e-17  8.09016994e-01  5.87785252e-01  7.89607000e+02]\n",
            " [-9.51056516e-01 -1.81635632e-01  2.50000000e-01 -2.10156000e+02]\n",
            " [ 3.09016994e-01 -5.59016994e-01  7.69420884e-01  1.63000000e+02]\n",
            " [ 0.00000000e+00  0.00000000e+00  0.00000000e+00  1.00000000e+00]]\n",
            "\n",
            "Transformation Matrix for Pose: ((802.489, -43.905, 238), (0, -41.5, -90))\n",
            "[[ 4.58603113e-17  1.00000000e+00 -4.05737761e-17  8.02489000e+02]\n",
            " [-7.48955721e-01  6.12323400e-17  6.62620048e-01 -4.39050000e+01]\n",
            " [ 6.62620048e-01  0.00000000e+00  7.48955721e-01  2.38000000e+02]\n",
            " [ 0.00000000e+00  0.00000000e+00  0.00000000e+00  1.00000000e+00]]\n",
            "\n",
            "Transformation Matrix for Pose: ((820.59, -43.905, 213), (0, -33, -90))\n",
            "[[ 5.13537613e-17  1.00000000e+00 -3.33495225e-17  8.20590000e+02]\n",
            " [-8.38670568e-01  6.12323400e-17  5.44639035e-01 -4.39050000e+01]\n",
            " [ 5.44639035e-01  0.00000000e+00  8.38670568e-01  2.13000000e+02]\n",
            " [ 0.00000000e+00  0.00000000e+00  0.00000000e+00  1.00000000e+00]]\n",
            "\n",
            "Transformation Matrix for Pose: ((770.971, 108.806, 213), (36, -33, -90))\n",
            "[[ 5.13537613e-17  8.09016994e-01 -5.87785252e-01  7.70971000e+02]\n",
            " [-8.38670568e-01  3.20130793e-01  4.40622235e-01  1.08806000e+02]\n",
            " [ 5.44639035e-01  4.92958191e-01  6.78498742e-01  2.13000000e+02]\n",
            " [ 0.00000000e+00  0.00000000e+00  0.00000000e+00  1.00000000e+00]]\n",
            "\n",
            "Transformation Matrix for Pose: ((641.067, 203.187, 213), (72, -33, -90))\n",
            "[[ 5.13537613e-17  3.09016994e-01 -9.51056516e-01  6.41067000e+02]\n",
            " [-8.38670568e-01  5.17982503e-01  1.68302718e-01  2.03187000e+02]\n",
            " [ 5.44639035e-01  7.97623109e-01  2.59163458e-01  2.13000000e+02]\n",
            " [ 0.00000000e+00  0.00000000e+00  0.00000000e+00  1.00000000e+00]]\n",
            "\n",
            "Transformation Matrix for Pose: ((480.497, 203.187, 213), (108, -33, -90))\n",
            "[[ 5.13537613e-17 -3.09016994e-01 -9.51056516e-01  4.80497000e+02]\n",
            " [-8.38670568e-01  5.17982503e-01 -1.68302718e-01  2.03187000e+02]\n",
            " [ 5.44639035e-01  7.97623109e-01 -2.59163458e-01  2.13000000e+02]\n",
            " [ 0.00000000e+00  0.00000000e+00  0.00000000e+00  1.00000000e+00]]\n",
            "\n",
            "Transformation Matrix for Pose: ((350.593, 108.806, 213), (144, -33, -90))\n",
            "[[ 5.13537613e-17 -8.09016994e-01 -5.87785252e-01  3.50593000e+02]\n",
            " [-8.38670568e-01  3.20130793e-01 -4.40622235e-01  1.08806000e+02]\n",
            " [ 5.44639035e-01  4.92958191e-01 -6.78498742e-01  2.13000000e+02]\n",
            " [ 0.00000000e+00  0.00000000e+00  0.00000000e+00  1.00000000e+00]]\n",
            "\n",
            "Transformation Matrix for Pose: ((300.974, -43.905, 213), (-180, -33, -90))\n",
            "[[ 5.13537613e-17 -1.00000000e+00  1.55814202e-16  3.00974000e+02]\n",
            " [-8.38670568e-01 -1.27931385e-16 -5.44639035e-01 -4.39050000e+01]\n",
            " [ 5.44639035e-01 -1.02707523e-16 -8.38670568e-01  2.13000000e+02]\n",
            " [ 0.00000000e+00  0.00000000e+00  0.00000000e+00  1.00000000e+00]]\n",
            "\n",
            "Transformation Matrix for Pose: ((350.593, -196.616, 213), (-144, -33, -90))\n",
            "[[ 5.13537613e-17 -8.09016994e-01  5.87785252e-01  3.50593000e+02]\n",
            " [-8.38670568e-01 -3.20130793e-01 -4.40622235e-01 -1.96616000e+02]\n",
            " [ 5.44639035e-01 -4.92958191e-01 -6.78498742e-01  2.13000000e+02]\n",
            " [ 0.00000000e+00  0.00000000e+00  0.00000000e+00  1.00000000e+00]]\n",
            "\n",
            "Transformation Matrix for Pose: ((480.497, -290.997, 213), (-108, -33, -90))\n",
            "[[ 5.13537613e-17 -3.09016994e-01  9.51056516e-01  4.80497000e+02]\n",
            " [-8.38670568e-01 -5.17982503e-01 -1.68302718e-01 -2.90997000e+02]\n",
            " [ 5.44639035e-01 -7.97623109e-01 -2.59163458e-01  2.13000000e+02]\n",
            " [ 0.00000000e+00  0.00000000e+00  0.00000000e+00  1.00000000e+00]]\n",
            "\n",
            "Transformation Matrix for Pose: ((641.067, -290.997, 213), (-72, -33, -90))\n",
            "[[ 5.13537613e-17  3.09016994e-01  9.51056516e-01  6.41067000e+02]\n",
            " [-8.38670568e-01 -5.17982503e-01  1.68302718e-01 -2.90997000e+02]\n",
            " [ 5.44639035e-01 -7.97623109e-01  2.59163458e-01  2.13000000e+02]\n",
            " [ 0.00000000e+00  0.00000000e+00  0.00000000e+00  1.00000000e+00]]\n",
            "\n",
            "Transformation Matrix for Pose: ((770.971, -196.616, 213), (-36, -33, -90))\n",
            "[[ 5.13537613e-17  8.09016994e-01  5.87785252e-01  7.70971000e+02]\n",
            " [-8.38670568e-01 -3.20130793e-01  4.40622235e-01 -1.96616000e+02]\n",
            " [ 5.44639035e-01 -4.92958191e-01  6.78498742e-01  2.13000000e+02]\n",
            " [ 0.00000000e+00  0.00000000e+00  0.00000000e+00  1.00000000e+00]]\n",
            "\n"
          ]
        }
      ],
      "source": [
        "import numpy as np\n",
        "import math\n",
        "\n",
        "# Convert degrees to radians\n",
        "def deg_to_rad(deg):\n",
        "    return math.radians(deg)\n",
        "\n",
        "# Euler angles to rotation matrix (ZYX order)\n",
        "def euler_to_rotation(roll, pitch, yaw):\n",
        "    R_x = np.array([[1, 0, 0],\n",
        "                     [0, math.cos(roll), -math.sin(roll)],\n",
        "                     [0, math.sin(roll), math.cos(roll)]])\n",
        "\n",
        "    R_y = np.array([[math.cos(pitch), 0, math.sin(pitch)],\n",
        "                     [0, 1, 0],\n",
        "                     [-math.sin(pitch), 0, math.cos(pitch)]])\n",
        "\n",
        "    R_z = np.array([[math.cos(yaw), -math.sin(yaw), 0],\n",
        "                     [math.sin(yaw), math.cos(yaw), 0],\n",
        "                     [0, 0, 1]])\n",
        "\n",
        "    R = np.dot(R_z, np.dot(R_y, R_x))\n",
        "    return R\n",
        "\n",
        "# List of robot poses\n",
        "robot_poses = [\n",
        "    ((800.093, 120.964, 113), (36, -4, -96)),\n",
        "    ((652.191, 237.421, 113), (72, -4, -90)),\n",
        "    ((321.472, 129.964, 113), (144, -4, -90)),\n",
        "    ((321.472, -217.774, 113), (-144, -4, -90)),\n",
        "    ((469.374, -325.231, 113), (-108, -4, -90)),\n",
        "    ((652.191, -325.231, 113), (-72, -4, -90)),\n",
        "    ((800.093, -217.774, 113), (-36, -4, -90)),\n",
        "    ((789.607, 122.346, 163), (36, -18, -90)),\n",
        "    ((648.185, 225.094, 163), (72, -18, -90)),\n",
        "    ((473.379, 225.094, 163), (108, -18, -90)),\n",
        "    ((331.958, 122.346, 163), (144, -18, -90)),\n",
        "    ((277.939, -43.905, 163), (-180, -18, -90)),\n",
        "    ((331.958, -210.156, 163), (-144, -18, -90)),\n",
        "    ((473.379, -312.904, 163), (-108, -18, -90)),\n",
        "    ((789.607, -210.156, 163), (-36, -18, -90)),\n",
        "    ((802.489, -43.905, 238), (0, -41.5, -90)),\n",
        "    ((820.59, -43.905, 213), (0, -33, -90)),\n",
        "    ((770.971, 108.806, 213), (36, -33, -90)),\n",
        "    ((641.067, 203.187, 213), (72, -33, -90)),\n",
        "    ((480.497, 203.187, 213), (108, -33, -90)),\n",
        "    ((350.593, 108.806, 213), (144, -33, -90)),\n",
        "    ((300.974, -43.905, 213), (-180, -33, -90)),\n",
        "    ((350.593, -196.616, 213), (-144, -33, -90)),\n",
        "    ((480.497, -290.997, 213), (-108, -33, -90)),\n",
        "    ((641.067, -290.997, 213), (-72, -33, -90)),\n",
        "    ((770.971, -196.616, 213), (-36, -33, -90))\n",
        "]\n",
        "\n",
        "# Convert each pose to a transformation matrix\n",
        "for pose in robot_poses:\n",
        "    # Convert Euler angles to radians\n",
        "    roll, pitch, yaw = map(deg_to_rad, pose[1])\n",
        "\n",
        "    # Compute rotation matrix\n",
        "    R = euler_to_rotation(roll, pitch, yaw)\n",
        "\n",
        "    # Translation vector\n",
        "    T = np.array([[pose[0][0]], [pose[0][1]], [pose[0][2]]])\n",
        "\n",
        "    # Combine rotation and translation to form transformation matrix\n",
        "    T_matrix = np.vstack((np.hstack((R, T)), [0, 0, 0, 1]))\n",
        "\n",
        "    print(\"Transformation Matrix for Pose:\", pose)\n",
        "    print(T_matrix)\n",
        "    print()\n"
      ]
    },
    {
      "cell_type": "code",
      "source": [],
      "metadata": {
        "id": "BsZLoHQ3oOPv"
      },
      "execution_count": null,
      "outputs": []
    },
    {
      "cell_type": "code",
      "source": [
        "# Define a list of point cloud file paths\n",
        "point_cloud_files = [\n",
        "    \"/content/drive/MyDrive/clouds/1.xyz\",\n",
        "    \"//content/drive/MyDrive/clouds/2.xyz\",\n",
        "    #\"/content/drive/MyDrive/clouds/3.xyz\",\n",
        "    \"//content/drive/MyDrive/clouds/4.xyz\",\n",
        "    #\"/content/drive/MyDrive/clouds/5.xyz\",\n",
        "    \"//content/drive/MyDrive/clouds/6.xyz\",\n",
        "    \"/content/drive/MyDrive/clouds/7.xyz\",\n",
        "    \"//content/drive/MyDrive/clouds/8.xyz\",\n",
        "    \"/content/drive/MyDrive/clouds/9.xyz\",\n",
        "   # \"//content/drive/MyDrive/clouds/10.xyz\",\n",
        "    \"/content/drive/MyDrive/clouds/11.xyz\",\n",
        "    \"//content/drive/MyDrive/clouds/12.xyz\",\n",
        "    \"/content/drive/MyDrive/clouds/13.xyz\",\n",
        "    \"//content/drive/MyDrive/clouds/14.xyz\",\n",
        "    \"/content/drive/MyDrive/clouds/15.xyz\",\n",
        "    \"//content/drive/MyDrive/clouds/16.xyz\",\n",
        "    \"/content/drive/MyDrive/clouds/17.xyz\",\n",
        "    #\"//content/drive/MyDrive/clouds/18.xyz\",\n",
        "    \"/content/drive/MyDrive/clouds/19.xyz\",\n",
        "    \"//content/drive/MyDrive/clouds/20.xyz\",\n",
        "    \"/content/drive/MyDrive/clouds/21.xyz\",\n",
        "    \"//content/drive/MyDrive/clouds/22.xyz\",\n",
        "    \"/content/drive/MyDrive/clouds/23.xyz\",\n",
        "    \"//content/drive/MyDrive/clouds/24.xyz\",\n",
        "    \"/content/drive/MyDrive/clouds/25.xyz\",\n",
        "    \"//content/drive/MyDrive/clouds/26.xyz\",\n",
        "    \"/content/drive/MyDrive/clouds/27.xyz\",\n",
        "    \"//content/drive/MyDrive/clouds/28.xyz\",\n",
        "    \"/content/drive/MyDrive/clouds/29.xyz\",\n",
        "    \"//content/drive/MyDrive/clouds/30.xyz\",\n",
        "     ]"
      ],
      "metadata": {
        "id": "ixtay6flUznZ"
      },
      "execution_count": 10,
      "outputs": []
    },
    {
      "cell_type": "code",
      "source": [
        "import open3d as o3d\n",
        "import numpy as np\n",
        "import math\n",
        "\n",
        "# Convert degrees to radians\n",
        "def deg_to_rad(deg):\n",
        "    return math.radians(deg)\n",
        "\n",
        "# Euler angles to rotation matrix (ZYX order)\n",
        "def euler_to_rotation(roll, pitch, yaw):\n",
        "    R_x = np.array([[1, 0, 0],\n",
        "                     [0, math.cos(roll), -math.sin(roll)],\n",
        "                     [0, math.sin(roll), math.cos(roll)]])\n",
        "\n",
        "    R_y = np.array([[math.cos(pitch), 0, math.sin(pitch)],\n",
        "                     [0, 1, 0],\n",
        "                     [-math.sin(pitch), 0, math.cos(pitch)]])\n",
        "\n",
        "    R_z = np.array([[math.cos(yaw), -math.sin(yaw), 0],\n",
        "                     [math.sin(yaw), math.cos(yaw), 0],\n",
        "                     [0, 0, 1]])\n",
        "\n",
        "    R = np.dot(R_z, np.dot(R_y, R_x))\n",
        "    return R\n",
        "\n",
        "# Inverse rotation matrix\n",
        "def inverse_rotation_matrix(R):\n",
        "    return np.linalg.inv(R)\n",
        "\n",
        "# Apply inverse rotation and translation to point cloud\n",
        "def inverse_transform_point_cloud(point_cloud, R_inv, t):\n",
        "    # Convert point cloud to Open3D format\n",
        "    pcd = o3d.geometry.PointCloud()\n",
        "    pcd.points = o3d.utility.Vector3dVector(point_cloud)\n",
        "\n",
        "    # Apply inverse rotation\n",
        "    pcd.rotate(R_inv, center=(0, 0, 0))\n",
        "\n",
        "    # Apply inverse translation\n",
        "    pcd.translate(-t)\n",
        "\n",
        "    # Get transformed point cloud as NumPy array\n",
        "    transformed_points = np.asarray(pcd.points)\n",
        "\n",
        "    return transformed_points\n",
        "\n",
        "# Load point clouds using Open3D and convert them to NumPy arrays\n",
        "def load_and_convert_point_clouds(point_cloud_files):\n",
        "    point_clouds = []\n",
        "    for file in point_cloud_files:\n",
        "        pcd = o3d.io.read_point_cloud(file)\n",
        "        points = np.asarray(pcd.points)\n",
        "        point_clouds.append(points)\n",
        "    return point_clouds\n",
        "\n",
        "consecutive_poses = [\n",
        "    ((np.array([800.093, 120.964, 113]), (36, -4, -96)), \"/content/drive/MyDrive/clouds/1.xyz\"),\n",
        "    ((np.array([652.191, 237.421, 113]), (72, -4, -90)), \"/content/drive/MyDrive/clouds/2.xyz\"),\n",
        "    ((np.array([469.374, 237.421, 113]), (108, -4, -90)), \"/content/drive/MyDrive/clouds/3.xyz\"),\n",
        "    ((np.array([321.472, 129.964, 113]), (144, -4, -90)), \"/content/drive/MyDrive/clouds/4.xyz\"),\n",
        "    ((np.array([264.978, -43.905, 113]), (-180, -4, -90)), \"/content/drive/MyDrive/clouds/5.xyz\"),\n",
        "    ((np.array([321.472, -217.774, 113]), (-144, -4, -90)), \"/content/drive/MyDrive/clouds/6.xyz\"),\n",
        "    ((np.array([469.374, -325.231, 113]), (-108, -4, -90)), \"/content/drive/MyDrive/clouds/7.xyz\"),\n",
        "    ((np.array([652.191, -325.231, 113]), (-72, -4, -90)), \"/content/drive/MyDrive/clouds/8.xyz\"),\n",
        "    ((np.array([800.093, -217.774, 113]), (-36, -4, -90)), \"/content/drive/MyDrive/clouds/9.xyz\"),\n",
        "    ((np.array([843.625, -43.905, 163]), (0, -18, -90)), \"/content/drive/MyDrive/clouds/10.xyz\"),\n",
        "    ((np.array([789.607, 122.346, 163]), (36, -18, -90)), \"/content/drive/MyDrive/clouds/11.xyz\"),\n",
        "    ((np.array([648.185, 225.094, 163]), (72, -18, -90)), \"/content/drive/MyDrive/clouds/12.xyz\"),\n",
        "    ((np.array([473.379, 225.094, 163]), (108, -18, -90)), \"/content/drive/MyDrive/clouds/13.xyz\"),\n",
        "    ((np.array([331.958, 122.346, 163]), (144, -18, -90)), \"/content/drive/MyDrive/clouds/14.xyz\"),\n",
        "    ((np.array([277.939, -43.905, 163]), (-180, -18, -90)), \"/content/drive/MyDrive/clouds/15.xyz\"),\n",
        "    ((np.array([331.958, -210.156, 163]), (-144, -18, -90)), \"/content/drive/MyDrive/clouds/16.xyz\"),\n",
        "    ((np.array([473.379, -312.904, 163]), (-108, -18, -90)), \"/content/drive/MyDrive/clouds/17.xyz\"),\n",
        "    ((np.array([648.185, -312.904, 163]), (-72, -18, -90)), \"/content/drive/MyDrive/clouds/18.xyz\"),\n",
        "    ((np.array([789.607, -210.156, 163]), (-36, -18, -90)), \"/content/drive/MyDrive/clouds/19.xyz\"),\n",
        "    ((np.array([802.489, -43.905, 238]), (0, -41.5, -90)), \"/content/drive/MyDrive/clouds/20.xyz\"),\n",
        "    ((np.array([820.59, -43.905, 213]), (0, -33, -90)), \"/content/drive/MyDrive/clouds/21.xyz\"),\n",
        "    ((np.array([770.971, 108.806, 213]), (36, -33, -90)), \"/content/drive/MyDrive/clouds/22.xyz\"),\n",
        "    ((np.array([641.067, 203.187, 213]), (72, -33, -90)), \"/content/drive/MyDrive/clouds/23.xyz\"),\n",
        "    ((np.array([480.497, 203.187, 213]), (108, -33, -90)), \"/content/drive/MyDrive/clouds/24.xyz\"),\n",
        "    ((np.array([350.593, 108.806, 213]), (144, -33, -90)), \"/content/drive/MyDrive/clouds/25.xyz\"),\n",
        "    ((np.array([300.974, -43.905, 213]), (-180, -33, -90)), \"/content/drive/MyDrive/clouds/26.xyz\"),\n",
        "    ((np.array([350.593, -196.616, 213]), (-144, -33, -90)), \"/content/drive/MyDrive/clouds/27.xyz\"),\n",
        "    ((np.array([480.497, -290.997, 213]), (-108, -33, -90)), \"/content/drive/MyDrive/clouds/28.xyz\"),\n",
        "    ((np.array([641.067, -290.997, 213]), (-72, -33, -90)), \"/content/drive/MyDrive/clouds/29.xyz\"),\n",
        "    ((np.array([770.971, -196.616, 213]), (-36, -33, -90)), \"/content/drive/MyDrive/clouds/30.xyz\"),\n",
        "    # Add more consecutive poses and point cloud file paths here\n",
        "]\n",
        "\n",
        "\n",
        "\n",
        "# Load point clouds from files and convert them to NumPy arrays\n",
        "point_cloud_files = [pose[1] for pose in consecutive_poses]\n",
        "point_clouds = load_and_convert_point_clouds(point_cloud_files)\n",
        "\n",
        "# Create an empty list to store transformed point clouds\n",
        "transformed_point_clouds = []\n",
        "\n",
        "# Initialize the first point cloud\n",
        "first_pcd = o3d.geometry.PointCloud()\n",
        "first_pcd.points = o3d.utility.Vector3dVector(point_clouds[0])\n",
        "\n",
        "# Loop through consecutive poses and apply transformations\n",
        "for i, pose_pair in enumerate(consecutive_poses[1:]):\n",
        "    # Convert Euler angles to radians for both poses\n",
        "    roll1, pitch1, yaw1 = map(deg_to_rad, pose_pair[0][1])\n",
        "    roll2, pitch2, yaw2 = map(deg_to_rad, consecutive_poses[i][0][1])\n",
        "\n",
        "    # Compute rotation matrices for both poses\n",
        "    R1 = euler_to_rotation(roll1, pitch1, yaw1)\n",
        "    R2 = euler_to_rotation(roll2, pitch2, yaw2)\n",
        "\n",
        "    # Compute inverse rotation matrices for both poses\n",
        "    R_inv1 = inverse_rotation_matrix(R1)\n",
        "    R_inv2 = inverse_rotation_matrix(R2)\n",
        "\n",
        "    # Inverse translation vectors for both poses\n",
        "    t1 = np.array(pose_pair[0][0])\n",
        "    t2 = np.array(consecutive_poses[i][0][0])\n",
        "\n",
        "    # Apply inverse transform to the second point cloud\n",
        "    transformed_second_pcd = inverse_transform_point_cloud(point_clouds[i + 1], R_inv2, t2)\n",
        "\n",
        "    # Add the transformed second point cloud to the first point cloud\n",
        "    first_pcd.points.extend(o3d.utility.Vector3dVector(transformed_second_pcd))\n",
        "\n",
        "# Convert the merged point cloud to a NumPy array\n",
        "merged_point_cloud = np.asarray(first_pcd.points)\n",
        "\n",
        "# Save merged point cloud to file (optional)\n",
